$ANSIBLE_VAULT;1.1;AES256
30653335353937363932626262633966633835343338303631383565643962313561316231343765
6232336434373533376435643138306630316332623265380a356664653065343866373531313563
66366163653832663736363639656461396264376664646635343337336230653937666663636664
3034376262303435650a323437323539346464653938663130356562643361663161643231336533
61633264386662643065393639646634633533303930353231366336303764393537643662393666
66306465623931643765346430613165633239646236653332326361353938333863336330383130
61373131373937376232383132613432633534363161636436626264646363373735366135616532
31366362613565366663323463666434386162386630306665323161666339633635383434323432
64376362373737333864353337393339636537633837643931643832363034313465633766663338
64623666346132616461396466653362663461343934643531633934636466663261396561326564
33623731333632356535353133343237333236396630393364663031663763323932616339363238
39376232356635316664373835326138623731373030373130653963346632363333333365666436
61623832323363363962666634643764326130333363623438356164306237363035633435313034
63303163363736633765346565613562346262313637353734323966393463653430366338333965
61613934633636346332393031613730633932666264393531653765323538663163663031333731
34373064336330323331306539626432376338333765373733373331313138633433386331613163
33613439386633376533636564363066636630616663366636383464373033626339613731663235
64616533646134373236633839376461663636323765386661336339386539346334303764393139
63393330663438316535316666343933356634356166613631306633353032356439393865393630
31623934353262363036396565386637343235643337313038616662616165663030356631323438
65346365626432383239336363303261613436616537386431346266393861643666393431653562
33323535623764313037373732313066653239633531363866333737313230653763353738316131
38396338306438626434376334313435366238663034303063333361373037396239363164643832
34343539323932343964646332366336316234633630396161653537656161343636653731333138
33303939316231376565396564393339333633333931653264346635316235363164303266333665
31363865386436623938343565323638633031313931373337646531646235303233633939383834
36373666363633323238373466656530303235306161303236653866316633623361366230666164
38666638303832633730306234616635653262326338376638376661326663633837313361303434
63613930653565383136613464366531343330323361653161633565383039653439363730626531
61386139663933383765393038346331343736653062393962666536383638313761356562323165
64616237376638616266386162316430633237633030643432373964643033343261626439393331
62303538636338373238303262633635616363333462633739396536363362386130326164383966
64666561333539333362313763333437613466316561663332653165396233373432666562393161
39616166333638643161343533353132373633376331366232333335393730333337643831353161
30636532303832616537663739316232346132643939323232663133306532633632656161656238
63373237333565313434306364646466393034326539643364343236616637323139386364633430
62666534383935333361663839613037343939386337383464346664353837383563373636396534
33376237333936316235313039306630656632386165663030376465306233666261313765353331
64303738663130396538383562393233303034373661313965383266343234623934373437393866
32623337656431326535633230323933356463373133623338653634386236653939353136333535
38303666643362633137613665306266326565633932653634343965383263326531623464613465
34643961346639376163653162633239313439373530613033393738323362663530623634333162
65646265643963393238613435643666363362313666396561656561663930343534386463373233
61363239363833306639663939363865636631623264653733313161383532643262363666373061
30376138303530386230646561636437633539313266633965316237326236336237623864316136
66326562303536643233326430653131656639616235346631373935656438613632316361613130
39333434653237303839366264316164666266643236343136373135313435626261356236646664
37643533613631396465366465326239343732663233313630303231663164326334666436333662
30663139346463343063643637663462623732663339333162643730306534616134376434646364
36653630323661383431376338323633373537303266393966643165383939326663363564313830
38643838633665343530326439653037653731373637626230646262383935613464656638363164
32383732303730383738356266653631303361653336336238663334636166633438323465653162
30626635623261313138313962313061646635383366323962313430396633343933306134653935
37373036646630636632613164623366653739336261316531613065373131373539383436626366
63636435323036653162373562363234643231626137373938333930373236393331343164633230
62303538303438643031616465656435343235653062383830383138623230653166656363323163
66343138323933343630383065613038313065613130613164376136633766333135623262653735
31663633393065326563343835623764313463373331313465303937363761313663336466393234
37383832613666343634333039383736616132626234643133613163323838656562653661626135
35303137393035643636623963656132346437313239656363373135666432656636346463366166
32383164643130306330613761386266386539343139363261306362396234636231363664326133
34326330356434363266636539373736333961353335326334636561626436346435316337643535
35633636646537303462383136633464636131653135663334346266643531613439636534613738
33623238343665393331323338393839613139393639343235663133663330623736363463316666
32343134626332353865303536656433616366623264343239626262643239633631356135656638
62313964323638366439333636623764633538663935623064663466633230386361626337363266
66383461643533623634313661353634626638643864363265653865656465393033306234343237
35623736373362323930306637356231326261393231383865643131376163356333313533323733
62643234623564653831303262613235653962626563396534336566366466663636313835393265
30396232656662333465356135333736376531623562613465303932633833393535346465323665
32653931336163313836666533636664633035343638653464663539623434623838346336613937
64633537626264383761626462306566653064396432376464663539363930616564373462353533
66393937343464313930646434643039306538626636383534643439323466306331316532616461
65326264356438316466633366383662363031333437396230623032376436316138653534616330
36363235383731316562653663646361313434663835633331343636313438306138376633636466
61623036653536313739653965316238643438663835353439346431366165616534633264316432
65616361373736306365646439396137636533663630363132383035376564666463636166373362
31363831656134663634393337353364343462396663666237346562396564306363366234336535
64343732393965353532623338316633613964316561313937393132353166386638396633326662
32396563303065326433313534353338353361656633393138613165336435343335386237303530
37656237373739373930306134313936353766336463363038306333333937626265323435386561
31346464653639336463333966643037353763663430663139616632383462336565386362313666
31376264343564303961653839636566643765346230646161356130363434303264333966343135
39313538626665316132356434626462343835626639613535616530653166343730396439336437
39613631623064333931666464363866326439393034326261653939383439663434333333353338
32613662396534663265356635633461333635343764663832383231623066356566663833623339
65353464336330653636663130656137613362643435643839633834646335666636636436343834
37306566613566666235376632306461376136316165393736333966313063393163376331633938
32303264393737373432363961666166333066336261333533386566323331363663353439353134
38303837376561653962633830666433386333306137303961306631626265316463646563633532
62386231656336663532303131363264353831383636623566326639353462333539643964613461
32636265653835643963353830616138306139393734633832646261393434663838306666353037
65393064316431376663333161663539633036383034373537306238663436316466663530303063
61336633613034316665323363393038356362636431636664383234616630303562373961653161
65353163323834356533636530636633656430623934373931633137346534656266613261633361
62333434323262616462623939663236633634353134333566333930613335383664613634363932
65343863306531333738656434613430646565303461323131653732363637393031623839393061
36306664663964366262313533346330663963393166383362363463313434393334636433326662
34353266346161363730316433356231633163396666303061303263316566613566626534663639
35333132663932633930336638316365376365363034333031323264653066383331396630343566
35353065313838353337663338613838663464656336316265316233616464646466303064333632
61386666626634313334656231303438373136363339363761323939616633653035303832616433
66323835366537393936396463303333333965376365313466373062373161366363653335313339
63623561646533326633396532343066373063316431363132343534613762303264333637376139
63313263393839356334343566376339653536383936623966626631613266323236366262336431
65366466396535336635393335643563306365396266366434326639626666343230373763326630
32323433336565663334363634366231353131343932326338643266616533656237316263363361
62336564353765343232363962623632373931393362363136646263326131656562353538383163
38373631376330386131366665373763313038346630323864326336316535323765333764363061
61303666393338343666643365306266336466626435396234343662346465643133616430343139
66306530643864646639323635633862376638333665356666613366356161323831646237313034
65366536656432663133393566643133633562353239616666636435306430386163376664393437
38363166613361356238643735363630313132323830383337393161363436633536613939343538
62333865656138373431646561343732383037303864613339313365393466306163383231373833
64666533613036343266326239373736306434663261633731626163386439353332616433646136
63656438323233643366356134323538323836343434626666666262623439626461393338323933
35373632326237313235306230316162306661303536643239326465333533306436613761663835
39336466333436633763383536353730666236333961633932646364336264363536646433363364
34366464363163666463636635353864333566633033346133666161336434636265383436376661
32353135663030633830643364393665623432323265656137343433306639303861366636643037
66323038303061363061333834643466336462663661363432653736326531636661326533623164
32623332323365333238633238383865376330643862336462373636323233306131323837313234
38623638386165323135333232306239356332666131643435326263336339393033363539386532
62326533346330613930653631383132666635313031633038613136393334313339323864386333
39383864346232373666303734363334393432616630376139366466366361393338393764626434
39383532326330353164303035666461356534393338333762326466326133633164613562306231
37356432323638346636383939633663346130343566393935643863623566356634616535356535
61643832313330353036613931326462316662313132643733396537313332333633303531666435
39666565333062383530613232646466353730366138613065663866633562653662383138363838
62623237353063306530353337646264643039323566333136346664383763653837306361616265
65333634613166636235303331313065346630383030663333386239346534313564323238323335
38386239336262663737613563313337616361613735653133623365646130363465376438343263
65313965373339343138376433643037316337386263366436363865386564393336313835333437
33356466393739336261323333633937366466636561613861623063616466343833616431656134
613362303665643666323932306139343966
