$ANSIBLE_VAULT;1.1;AES256
32383937633362316638613331346436356331323230626331616636333035666335343033666261
6162366534383962323166626532333730396236356535620a653662316462303161343135313035
64336537363232313730663830336432323563383834356434383233373462653032396237373039
3739636438393238630a663465613234363339653261366630386163633066633332633036383664
34643132646237346363396139376334383238353938656663636165343365346539393937396230
66316236646431633066323332356237356534666434666364333332383833333537306335613037
64333432363763333536333636306230393431356335633961366363336436346337303063333932
34333361613731353838633830633133343433383761666537386365363236383766316632396233
36353562313538363835313530326562343166333136353334646438653161303261376435343337
31366338346161386562623636646636353965643734613166306566623636393134636331343063
35343332333962316438383661653366306330333461616365323139666538393762383363356266
66346361663332633333323565633362333637643666383336386333626634643035613966326262
38393335616432383163343839306639613136363161303537363537656162313266633861343933
37353462373663303063613764303162393862336166666334663937643634306430313165633939
37326233346439636662376539623531643264373037653964303430616434343231373666613136
34616536626535336632393635346666636266623836663631336565626331343030343863356237
36386563376636396463316234633566613364303062383934396232323065623937383137623534
63633233396239333564353034323261333530633237653932333635646439336361666130326161
623432373537323736623830326437373162
