$ANSIBLE_VAULT;1.1;AES256
63633732653230386230313334613866633261656236383531643863343665393339316636356437
3965336633333839633764323062643166393939643236390a333936376239316161343264373030
39353362393864323633376465613231373733663333396133643337636165646630646662353366
6137393234333635360a653130636132346264343039663237353861376631643637326439326266
64656339656539343632653836653730393131636134636338323230663366336539356461343966
32646631636530663464643166353563663266303634353834353036363430656635613162633835
36363365313636633239353939666537643237373430336230306331343163366164623464396239
35376565363235613230316332653666653435616331393230313933303937383739346561366661
31623430306263313362353238613139306162323664373263306530663866643539616332643635
37346161623933366265666238383933383766653632643334623434353662353739316139356637
33646236353439376231396665346462363366303038363935333666663334623139343135323833
61663062623562313937616131376633336230383136376439636537613333636530663431366366
34353962383032653933343538613335643666393931643963363831613136663435336162316463
6439613830663034303738363164646439376635393938386136
