$ANSIBLE_VAULT;1.1;AES256
66306139656139343562343234313831313231336436643832396463363033336531663730326435
3936316639653532383338323165613737663036633963370a383430386666613338666164626331
66383934353466623739336663653437373265646663386334666230336530623462636464666637
6461356561363366330a396533313332623164306136373132396136303333366531353062353666
61303738346637393065386265326337356338343663383133336132626637356330663434336337
66353565376564623130323765643538663431333862626262363461666466663230653163386461
31646335323761363732623132303735326565396165613836613466643263386431363665313761
30393634623634313363326434366537353531326331663338333338316562363330653434303533
39323137616632303930383438613932376365333738656664653365636465663365346138326231
38653436323364663564663037366633643130366632666661383465313266323165633031346563
666434336464303539306239613265316465
